# ext_office: non-empty tile indices (1583/3040)
# 32 columns × 95 rows

Row   1: [32, 33, 35, 36, 37, 42, 43, 45, 46, 47, 49, 50, 52, 53, 55, 56, 57, 59, 60]
Row   2: [64, 65, 67, 68, 69, 74, 75, 77, 78, 79, 81, 82, 84, 85, 87, 88, 89, 91, 92]
Row   3: [96, 97, 99, 100, 101, 106, 107, 109, 110, 111, 113, 114, 116, 117, 119, 120, 121, 123, 124]
Row   4: [128, 129, 131, 132, 133, 138, 139, 141, 142, 143, 145, 146, 148, 149, 150, 151, 152, 153, 154, 155, 156]
Row   5: [160, 161, 163, 164, 165, 170, 171, 173, 174, 175, 177, 178, 180, 181, 183, 184, 185, 187, 188]
Row   6: [192, 193, 195, 196, 197, 199, 200, 202, 203, 205, 206, 207, 209, 210, 212, 213, 215, 216, 217, 219, 220]
Row   7: [224, 225, 227, 228, 229, 231, 232]
Row   8: [256, 257, 259, 260, 261, 263, 264, 266, 267, 269, 270, 271, 273, 274, 276, 277, 279, 280, 281, 283, 284]
Row   9: [288, 289, 291, 292, 293, 295, 296, 298, 299, 301, 302, 303, 305, 306, 308, 309, 311, 312, 313, 315, 316]
Row  10: [320, 321, 323, 324, 325, 327, 328, 330, 331, 333, 334, 335, 337, 338, 340, 341, 343, 344, 345, 347, 348]
Row  12: [384, 385, 387, 388, 389, 391, 392, 394, 395, 397, 398, 399, 401, 402, 404, 405, 407, 408, 409, 411, 412]
Row  13: [416, 417, 419, 420, 421, 423, 424, 426, 427, 429, 430, 431, 433, 434, 436, 437, 439, 440, 441, 443, 444]
Row  14: [448, 449, 451, 452, 453, 455, 456, 458, 459, 461, 462, 463, 465, 466, 468, 469, 471, 472, 473, 475, 476]
Row  15: [480, 481, 482, 483, 484, 485, 486, 487, 488, 490, 491, 493, 494, 495, 497, 498, 500, 501, 503, 504, 505, 507, 508]
Row  16: [512, 513, 515, 516, 517, 519, 520, 522, 523, 525, 526, 527, 529, 530, 532, 533, 535, 536, 537, 539, 540]
Row  17: [544, 545, 547, 548, 549, 551, 552, 554, 555, 557, 558, 559, 561, 562, 564, 565, 567, 568, 569, 571, 572]
Row  18: [596, 597, 599, 600, 601, 603, 604]
Row  19: [608, 609, 611, 612, 613, 615, 616, 618, 619, 621, 622, 623, 625, 626, 628, 629, 631, 632, 633, 635, 636]
Row  20: [640, 641, 643, 644, 645, 647, 648, 650, 651, 653, 654, 655, 657, 658, 660, 661, 663, 664, 665, 667, 668]
Row  21: [672, 673, 675, 676, 677, 679, 680, 682, 683, 685, 686, 687, 689, 690, 692, 693, 695, 696, 697, 699, 700]
Row  22: [724, 725, 727, 728, 729, 731, 732]
Row  23: [756, 757, 759, 760, 761, 763, 764]
Row  24: [768, 769, 771, 772, 774, 775, 777, 778, 780, 781, 783, 784, 789, 790, 791, 793, 794, 795]
Row  25: [800, 801, 803, 804, 806, 807, 809, 810, 812, 813, 815, 816, 821, 822, 823, 825, 826, 827]
Row  26: [832, 836, 838, 842, 844, 848, 853, 854, 855, 857, 858, 859]
Row  27: [882, 883, 884, 885, 886, 887, 889, 890, 891]
Row  28: [896, 900, 902, 906, 908, 912, 914, 915, 916]
Row  29: [928, 932, 934, 938, 940, 944, 946, 947, 948, 949, 950, 951, 952, 953, 954, 955]
Row  30: [978, 979, 980, 981, 982, 983, 984, 985, 986, 987]
Row  31: [992, 996, 998, 1002, 1004, 1008, 1010, 1011, 1012, 1013, 1014, 1015, 1016, 1017]
Row  32: [1024, 1028, 1030, 1034, 1036, 1040, 1042, 1043, 1044, 1045, 1046, 1047, 1048, 1049, 1051, 1052]
Row  33: [1056, 1060, 1062, 1066, 1068, 1072, 1076, 1077, 1078, 1079, 1080, 1081, 1082, 1083, 1084]
Row  34: [1088, 1092, 1094, 1098, 1100, 1104, 1108, 1109, 1110, 1111, 1112, 1113, 1114, 1115, 1116]
Row  36: [1152, 1153, 1154, 1156, 1157, 1158, 1161, 1162, 1163, 1165, 1166, 1167, 1170, 1171, 1172, 1174, 1175, 1176]
Row  37: [1184, 1185, 1186, 1188, 1189, 1190, 1193, 1194, 1195, 1197, 1198, 1199, 1202, 1203, 1204, 1206, 1207, 1208]
Row  38: [1216, 1217, 1218, 1220, 1221, 1222, 1225, 1226, 1227, 1229, 1230, 1231, 1234, 1235, 1236, 1238, 1239, 1240]
Row  40: [1280, 1282, 1283, 1285, 1298, 1300, 1301, 1303]
Row  41: [1312, 1314, 1315, 1317, 1318, 1319, 1321, 1323, 1324, 1326, 1327, 1328, 1330, 1332, 1333, 1335, 1336, 1337]
Row  42: [1344, 1346, 1347, 1349, 1350, 1351, 1353, 1355, 1356, 1358, 1359, 1360, 1362, 1364, 1365, 1367, 1368, 1369]
Row  43: [1376, 1378, 1379, 1381, 1382, 1383, 1385, 1387, 1388, 1390, 1391, 1392, 1394, 1396, 1397, 1399, 1400, 1401]
Row  44: [1408, 1409, 1410, 1412, 1413, 1415, 1417, 1418, 1419, 1421, 1422, 1424, 1426, 1427, 1428, 1430, 1431, 1433]
Row  45: [1440, 1441, 1442, 1444, 1445, 1447, 1449, 1450, 1451, 1453, 1454, 1456, 1458, 1459, 1460, 1462, 1463, 1465]
Row  46: [1472, 1473, 1474, 1476, 1477, 1479, 1481, 1482, 1483, 1485, 1486, 1488, 1490, 1491, 1492, 1494, 1495, 1497]
Row  48: [1536, 1538, 1539, 1541, 1545, 1547, 1548, 1550, 1554, 1556, 1557, 1559]
Row  49: [1568, 1570, 1571, 1573, 1574, 1575, 1577, 1579, 1580, 1582, 1583, 1584, 1586, 1588, 1589, 1591, 1592, 1593]
Row  50: [1600, 1602, 1603, 1605, 1606, 1607, 1609, 1611, 1612, 1614, 1615, 1616, 1618, 1620, 1621, 1623, 1624, 1625]
Row  51: [1632, 1634, 1635, 1637, 1638, 1639, 1641, 1643, 1644, 1646, 1647, 1648, 1650, 1652, 1653, 1655, 1656, 1657]
Row  52: [1664, 1665, 1666, 1668, 1669, 1671, 1673, 1674, 1675, 1677, 1678, 1680, 1682, 1683, 1684, 1686, 1687, 1689]
Row  53: [1696, 1697, 1698, 1700, 1701, 1703, 1705, 1706, 1707, 1709, 1710, 1712, 1714, 1715, 1716, 1718, 1719, 1721]
Row  54: [1728, 1729, 1730, 1732, 1733, 1735, 1737, 1738, 1739, 1741, 1742, 1744, 1746, 1747, 1748, 1750, 1751, 1753]
Row  56: [1792, 1793, 1794, 1796, 1797, 1798, 1802, 1803, 1804, 1805, 1806, 1807, 1808, 1809, 1810, 1811, 1812, 1813, 1814, 1815, 1816, 1817, 1818, 1819, 1820]
Row  57: [1824, 1825, 1826, 1828, 1829, 1830, 1834, 1835, 1836, 1837, 1838, 1839, 1840, 1841, 1842, 1843, 1844, 1845, 1846, 1847, 1848, 1849, 1850, 1851, 1852]
Row  58: [1856, 1857, 1858, 1860, 1861, 1862, 1866, 1867, 1868, 1869, 1870, 1871, 1872, 1873, 1874, 1875, 1876, 1877, 1878, 1879, 1880, 1881, 1882, 1883, 1884]
Row  59: [1898, 1899, 1900, 1901, 1902, 1903, 1904, 1905, 1906, 1907, 1908, 1909, 1910, 1911, 1912, 1913, 1914, 1915, 1916]
Row  60: [1930, 1931, 1932, 1933, 1934, 1935, 1936, 1937, 1938, 1939, 1940, 1941, 1942, 1943, 1944, 1945, 1946, 1947, 1948]
Row  61: [1952, 1954, 1955, 1957, 1958, 1959, 1962, 1963, 1964, 1965, 1966, 1967, 1968, 1969, 1970, 1971, 1972, 1973, 1974, 1975, 1976, 1977, 1978, 1979, 1980]
Row  62: [1984, 1986, 1987, 1989, 1990, 1991, 1994, 1995, 1996, 1997, 1998, 1999, 2000, 2001, 2002, 2003, 2004, 2005, 2006, 2007, 2008, 2009, 2010, 2011, 2012]
Row  63: [2016, 2018, 2019, 2021, 2022, 2023, 2026, 2027, 2028, 2029, 2030, 2031, 2032, 2033, 2034, 2035, 2036, 2037, 2038, 2039, 2040, 2041, 2042, 2043, 2044]
Row  64: [2048, 2049, 2050, 2052, 2053, 2055, 2058, 2059, 2060, 2061, 2062, 2063, 2064, 2065, 2066, 2067, 2068, 2069, 2070, 2071, 2072, 2073, 2074, 2075, 2076]
Row  65: [2080, 2081, 2082, 2084, 2085, 2087, 2090, 2091, 2092, 2093, 2094, 2095, 2096, 2097, 2098, 2099, 2100, 2101, 2102, 2103, 2104, 2105, 2106, 2107, 2108]
Row  66: [2112, 2113, 2114, 2116, 2117, 2119, 2122, 2123, 2124, 2125, 2126, 2127, 2128, 2129, 2130, 2131, 2132, 2133, 2134, 2135, 2136, 2137, 2138, 2139, 2140]
Row  67: [2154, 2155, 2156, 2157, 2158, 2159, 2160, 2161, 2162, 2163, 2164, 2165, 2166, 2167, 2168, 2169, 2170, 2171, 2172]
Row  68: [2176, 2178, 2179, 2181, 2186, 2187, 2188, 2189, 2190, 2191, 2192, 2193, 2194, 2195, 2196, 2197, 2198, 2199, 2200, 2201, 2202, 2203, 2204]
Row  69: [2208, 2210, 2211, 2213, 2214, 2215, 2218, 2219, 2220, 2221, 2222, 2223, 2224, 2225, 2226, 2227, 2228, 2229, 2230, 2231, 2232, 2233, 2234, 2235, 2236]
Row  70: [2240, 2242, 2243, 2245, 2246, 2247, 2250, 2251, 2252, 2253, 2254, 2255, 2256, 2257, 2258, 2259, 2260, 2261, 2262, 2263, 2264, 2265, 2266, 2267, 2268]
Row  71: [2272, 2274, 2275, 2277, 2278, 2279, 2282, 2283, 2284, 2285, 2286, 2287, 2288, 2289, 2290, 2291, 2292, 2293, 2294, 2295, 2296, 2297, 2298, 2299, 2300]
Row  72: [2304, 2305, 2306, 2308, 2309, 2311, 2314, 2315, 2316, 2317, 2318, 2319, 2320, 2321, 2322, 2323, 2324, 2325, 2326, 2327, 2328, 2329, 2330, 2331, 2332]
Row  73: [2336, 2337, 2338, 2340, 2341, 2343, 2346, 2347, 2348, 2349, 2350, 2351, 2352, 2353, 2354, 2355, 2356, 2357, 2358, 2359]
Row  74: [2368, 2369, 2370, 2372, 2373, 2375]
Row  75: [2413, 2414, 2416, 2417]
Row  76: [2432, 2433, 2434, 2435, 2436, 2437, 2438, 2439, 2440, 2441, 2442, 2444, 2445, 2446, 2447, 2448, 2449, 2452, 2453, 2454]
Row  77: [2464, 2465, 2466, 2467, 2468, 2469, 2470, 2471, 2472, 2473, 2474, 2476, 2477, 2478, 2479, 2480, 2481, 2482, 2483, 2484, 2485, 2486]
Row  78: [2496, 2497, 2498, 2499, 2500, 2501, 2502, 2503, 2504, 2505, 2506, 2508, 2509, 2510, 2511, 2512, 2513, 2514, 2515, 2516, 2517, 2518]
Row  79: [2528, 2529, 2530, 2531, 2532, 2533, 2534, 2535, 2536, 2537, 2538, 2540, 2541, 2542, 2543, 2544, 2545, 2548, 2549, 2550]
Row  80: [2560, 2561, 2562, 2563, 2564, 2565, 2566, 2567, 2568, 2569, 2570, 2572, 2573, 2574, 2576, 2577, 2580, 2581, 2582]
Row  81: [2592, 2593, 2594, 2595, 2596, 2597, 2598, 2599, 2600, 2601, 2602, 2604, 2605, 2606, 2607, 2608, 2609, 2611, 2612, 2613]
Row  82: [2624, 2625, 2626, 2627, 2628, 2629, 2630, 2631, 2632, 2633, 2634, 2636, 2637, 2638, 2639, 2640, 2641, 2642, 2643, 2644, 2645, 2646]
Row  83: [2656, 2657, 2658, 2659, 2660, 2661, 2662, 2663, 2664, 2665, 2666]
Row  84: [2688, 2689, 2690, 2691, 2692, 2693, 2694, 2695, 2696, 2697, 2698, 2699, 2700, 2701, 2702, 2703]
Row  85: [2720, 2721, 2722, 2723, 2724, 2725, 2726, 2727, 2728, 2729, 2730, 2731, 2732, 2733, 2734, 2735]
Row  86: [2752, 2753, 2754, 2755, 2756, 2757, 2758, 2759, 2760, 2761, 2762, 2763, 2764, 2765, 2766, 2767]
Row  87: [2784, 2785, 2786, 2787, 2788, 2789, 2790, 2791, 2792, 2793, 2794, 2795, 2796, 2797, 2798, 2799]
Row  88: [2816, 2817, 2818, 2819, 2820, 2821, 2822, 2823, 2824, 2825, 2826, 2827, 2828, 2829, 2830, 2831]
Row  89: [2848, 2849, 2850, 2851, 2852, 2853, 2854, 2855, 2856, 2857, 2858, 2859, 2860, 2861, 2862, 2863]
Row  90: [2880, 2881, 2882, 2883, 2884, 2885, 2886, 2887, 2888, 2889, 2890, 2891, 2892, 2893, 2894, 2895]
Row  91: [2912, 2913, 2914, 2915, 2916, 2917, 2918, 2919, 2920, 2921, 2922, 2923, 2924, 2925, 2926, 2927]
Row  92: [2944, 2945, 2946, 2947, 2948, 2949, 2950, 2951, 2952, 2953, 2954]
Row  93: [2976, 2977, 2978, 2979, 2980, 2981, 2982, 2983, 2984, 2985, 2986]

All indices: [32, 33, 35, 36, 37, 42, 43, 45, 46, 47, 49, 50, 52, 53, 55, 56, 57, 59, 60, 64, 65, 67, 68, 69, 74, 75, 77, 78, 79, 81, 82, 84, 85, 87, 88, 89, 91, 92, 96, 97, 99, 100, 101, 106, 107, 109, 110, 111, 113, 114, 116, 117, 119, 120, 121, 123, 124, 128, 129, 131, 132, 133, 138, 139, 141, 142, 143, 145, 146, 148, 149, 150, 151, 152, 153, 154, 155, 156, 160, 161, 163, 164, 165, 170, 171, 173, 174, 175, 177, 178, 180, 181, 183, 184, 185, 187, 188, 192, 193, 195, 196, 197, 199, 200, 202, 203, 205, 206, 207, 209, 210, 212, 213, 215, 216, 217, 219, 220, 224, 225, 227, 228, 229, 231, 232, 256, 257, 259, 260, 261, 263, 264, 266, 267, 269, 270, 271, 273, 274, 276, 277, 279, 280, 281, 283, 284, 288, 289, 291, 292, 293, 295, 296, 298, 299, 301, 302, 303, 305, 306, 308, 309, 311, 312, 313, 315, 316, 320, 321, 323, 324, 325, 327, 328, 330, 331, 333, 334, 335, 337, 338, 340, 341, 343, 344, 345, 347, 348, 384, 385, 387, 388, 389, 391, 392, 394, 395, 397, 398, 399, 401, 402, 404, 405, 407, 408, 409, 411, 412, 416, 417, 419, 420, 421, 423, 424, 426, 427, 429, 430, 431, 433, 434, 436, 437, 439, 440, 441, 443, 444, 448, 449, 451, 452, 453, 455, 456, 458, 459, 461, 462, 463, 465, 466, 468, 469, 471, 472, 473, 475, 476, 480, 481, 482, 483, 484, 485, 486, 487, 488, 490, 491, 493, 494, 495, 497, 498, 500, 501, 503, 504, 505, 507, 508, 512, 513, 515, 516, 517, 519, 520, 522, 523, 525, 526, 527, 529, 530, 532, 533, 535, 536, 537, 539, 540, 544, 545, 547, 548, 549, 551, 552, 554, 555, 557, 558, 559, 561, 562, 564, 565, 567, 568, 569, 571, 572, 596, 597, 599, 600, 601, 603, 604, 608, 609, 611, 612, 613, 615, 616, 618, 619, 621, 622, 623, 625, 626, 628, 629, 631, 632, 633, 635, 636, 640, 641, 643, 644, 645, 647, 648, 650, 651, 653, 654, 655, 657, 658, 660, 661, 663, 664, 665, 667, 668, 672, 673, 675, 676, 677, 679, 680, 682, 683, 685, 686, 687, 689, 690, 692, 693, 695, 696, 697, 699, 700, 724, 725, 727, 728, 729, 731, 732, 756, 757, 759, 760, 761, 763, 764, 768, 769, 771, 772, 774, 775, 777, 778, 780, 781, 783, 784, 789, 790, 791, 793, 794, 795, 800, 801, 803, 804, 806, 807, 809, 810, 812, 813, 815, 816, 821, 822, 823, 825, 826, 827, 832, 836, 838, 842, 844, 848, 853, 854, 855, 857, 858, 859, 882, 883, 884, 885, 886, 887, 889, 890, 891, 896, 900, 902, 906, 908, 912, 914, 915, 916, 928, 932, 934, 938, 940, 944, 946, 947, 948, 949, 950, 951, 952, 953, 954, 955, 978, 979, 980, 981, 982, 983, 984, 985, 986, 987, 992, 996, 998, 1002, 1004, 1008, 1010, 1011, 1012, 1013, 1014, 1015, 1016, 1017, 1024, 1028, 1030, 1034, 1036, 1040, 1042, 1043, 1044, 1045, 1046, 1047, 1048, 1049, 1051, 1052, 1056, 1060, 1062, 1066, 1068, 1072, 1076, 1077, 1078, 1079, 1080, 1081, 1082, 1083, 1084, 1088, 1092, 1094, 1098, 1100, 1104, 1108, 1109, 1110, 1111, 1112, 1113, 1114, 1115, 1116, 1152, 1153, 1154, 1156, 1157, 1158, 1161, 1162, 1163, 1165, 1166, 1167, 1170, 1171, 1172, 1174, 1175, 1176, 1184, 1185, 1186, 1188, 1189, 1190, 1193, 1194, 1195, 1197, 1198, 1199, 1202, 1203, 1204, 1206, 1207, 1208, 1216, 1217, 1218, 1220, 1221, 1222, 1225, 1226, 1227, 1229, 1230, 1231, 1234, 1235, 1236, 1238, 1239, 1240, 1280, 1282, 1283, 1285, 1298, 1300, 1301, 1303, 1312, 1314, 1315, 1317, 1318, 1319, 1321, 1323, 1324, 1326, 1327, 1328, 1330, 1332, 1333, 1335, 1336, 1337, 1344, 1346, 1347, 1349, 1350, 1351, 1353, 1355, 1356, 1358, 1359, 1360, 1362, 1364, 1365, 1367, 1368, 1369, 1376, 1378, 1379, 1381, 1382, 1383, 1385, 1387, 1388, 1390, 1391, 1392, 1394, 1396, 1397, 1399, 1400, 1401, 1408, 1409, 1410, 1412, 1413, 1415, 1417, 1418, 1419, 1421, 1422, 1424, 1426, 1427, 1428, 1430, 1431, 1433, 1440, 1441, 1442, 1444, 1445, 1447, 1449, 1450, 1451, 1453, 1454, 1456, 1458, 1459, 1460, 1462, 1463, 1465, 1472, 1473, 1474, 1476, 1477, 1479, 1481, 1482, 1483, 1485, 1486, 1488, 1490, 1491, 1492, 1494, 1495, 1497, 1536, 1538, 1539, 1541, 1545, 1547, 1548, 1550, 1554, 1556, 1557, 1559, 1568, 1570, 1571, 1573, 1574, 1575, 1577, 1579, 1580, 1582, 1583, 1584, 1586, 1588, 1589, 1591, 1592, 1593, 1600, 1602, 1603, 1605, 1606, 1607, 1609, 1611, 1612, 1614, 1615, 1616, 1618, 1620, 1621, 1623, 1624, 1625, 1632, 1634, 1635, 1637, 1638, 1639, 1641, 1643, 1644, 1646, 1647, 1648, 1650, 1652, 1653, 1655, 1656, 1657, 1664, 1665, 1666, 1668, 1669, 1671, 1673, 1674, 1675, 1677, 1678, 1680, 1682, 1683, 1684, 1686, 1687, 1689, 1696, 1697, 1698, 1700, 1701, 1703, 1705, 1706, 1707, 1709, 1710, 1712, 1714, 1715, 1716, 1718, 1719, 1721, 1728, 1729, 1730, 1732, 1733, 1735, 1737, 1738, 1739, 1741, 1742, 1744, 1746, 1747, 1748, 1750, 1751, 1753, 1792, 1793, 1794, 1796, 1797, 1798, 1802, 1803, 1804, 1805, 1806, 1807, 1808, 1809, 1810, 1811, 1812, 1813, 1814, 1815, 1816, 1817, 1818, 1819, 1820, 1824, 1825, 1826, 1828, 1829, 1830, 1834, 1835, 1836, 1837, 1838, 1839, 1840, 1841, 1842, 1843, 1844, 1845, 1846, 1847, 1848, 1849, 1850, 1851, 1852, 1856, 1857, 1858, 1860, 1861, 1862, 1866, 1867, 1868, 1869, 1870, 1871, 1872, 1873, 1874, 1875, 1876, 1877, 1878, 1879, 1880, 1881, 1882, 1883, 1884, 1898, 1899, 1900, 1901, 1902, 1903, 1904, 1905, 1906, 1907, 1908, 1909, 1910, 1911, 1912, 1913, 1914, 1915, 1916, 1930, 1931, 1932, 1933, 1934, 1935, 1936, 1937, 1938, 1939, 1940, 1941, 1942, 1943, 1944, 1945, 1946, 1947, 1948, 1952, 1954, 1955, 1957, 1958, 1959, 1962, 1963, 1964, 1965, 1966, 1967, 1968, 1969, 1970, 1971, 1972, 1973, 1974, 1975, 1976, 1977, 1978, 1979, 1980, 1984, 1986, 1987, 1989, 1990, 1991, 1994, 1995, 1996, 1997, 1998, 1999, 2000, 2001, 2002, 2003, 2004, 2005, 2006, 2007, 2008, 2009, 2010, 2011, 2012, 2016, 2018, 2019, 2021, 2022, 2023, 2026, 2027, 2028, 2029, 2030, 2031, 2032, 2033, 2034, 2035, 2036, 2037, 2038, 2039, 2040, 2041, 2042, 2043, 2044, 2048, 2049, 2050, 2052, 2053, 2055, 2058, 2059, 2060, 2061, 2062, 2063, 2064, 2065, 2066, 2067, 2068, 2069, 2070, 2071, 2072, 2073, 2074, 2075, 2076, 2080, 2081, 2082, 2084, 2085, 2087, 2090, 2091, 2092, 2093, 2094, 2095, 2096, 2097, 2098, 2099, 2100, 2101, 2102, 2103, 2104, 2105, 2106, 2107, 2108, 2112, 2113, 2114, 2116, 2117, 2119, 2122, 2123, 2124, 2125, 2126, 2127, 2128, 2129, 2130, 2131, 2132, 2133, 2134, 2135, 2136, 2137, 2138, 2139, 2140, 2154, 2155, 2156, 2157, 2158, 2159, 2160, 2161, 2162, 2163, 2164, 2165, 2166, 2167, 2168, 2169, 2170, 2171, 2172, 2176, 2178, 2179, 2181, 2186, 2187, 2188, 2189, 2190, 2191, 2192, 2193, 2194, 2195, 2196, 2197, 2198, 2199, 2200, 2201, 2202, 2203, 2204, 2208, 2210, 2211, 2213, 2214, 2215, 2218, 2219, 2220, 2221, 2222, 2223, 2224, 2225, 2226, 2227, 2228, 2229, 2230, 2231, 2232, 2233, 2234, 2235, 2236, 2240, 2242, 2243, 2245, 2246, 2247, 2250, 2251, 2252, 2253, 2254, 2255, 2256, 2257, 2258, 2259, 2260, 2261, 2262, 2263, 2264, 2265, 2266, 2267, 2268, 2272, 2274, 2275, 2277, 2278, 2279, 2282, 2283, 2284, 2285, 2286, 2287, 2288, 2289, 2290, 2291, 2292, 2293, 2294, 2295, 2296, 2297, 2298, 2299, 2300, 2304, 2305, 2306, 2308, 2309, 2311, 2314, 2315, 2316, 2317, 2318, 2319, 2320, 2321, 2322, 2323, 2324, 2325, 2326, 2327, 2328, 2329, 2330, 2331, 2332, 2336, 2337, 2338, 2340, 2341, 2343, 2346, 2347, 2348, 2349, 2350, 2351, 2352, 2353, 2354, 2355, 2356, 2357, 2358, 2359, 2368, 2369, 2370, 2372, 2373, 2375, 2413, 2414, 2416, 2417, 2432, 2433, 2434, 2435, 2436, 2437, 2438, 2439, 2440, 2441, 2442, 2444, 2445, 2446, 2447, 2448, 2449, 2452, 2453, 2454, 2464, 2465, 2466, 2467, 2468, 2469, 2470, 2471, 2472, 2473, 2474, 2476, 2477, 2478, 2479, 2480, 2481, 2482, 2483, 2484, 2485, 2486, 2496, 2497, 2498, 2499, 2500, 2501, 2502, 2503, 2504, 2505, 2506, 2508, 2509, 2510, 2511, 2512, 2513, 2514, 2515, 2516, 2517, 2518, 2528, 2529, 2530, 2531, 2532, 2533, 2534, 2535, 2536, 2537, 2538, 2540, 2541, 2542, 2543, 2544, 2545, 2548, 2549, 2550, 2560, 2561, 2562, 2563, 2564, 2565, 2566, 2567, 2568, 2569, 2570, 2572, 2573, 2574, 2576, 2577, 2580, 2581, 2582, 2592, 2593, 2594, 2595, 2596, 2597, 2598, 2599, 2600, 2601, 2602, 2604, 2605, 2606, 2607, 2608, 2609, 2611, 2612, 2613, 2624, 2625, 2626, 2627, 2628, 2629, 2630, 2631, 2632, 2633, 2634, 2636, 2637, 2638, 2639, 2640, 2641, 2642, 2643, 2644, 2645, 2646, 2656, 2657, 2658, 2659, 2660, 2661, 2662, 2663, 2664, 2665, 2666, 2688, 2689, 2690, 2691, 2692, 2693, 2694, 2695, 2696, 2697, 2698, 2699, 2700, 2701, 2702, 2703, 2720, 2721, 2722, 2723, 2724, 2725, 2726, 2727, 2728, 2729, 2730, 2731, 2732, 2733, 2734, 2735, 2752, 2753, 2754, 2755, 2756, 2757, 2758, 2759, 2760, 2761, 2762, 2763, 2764, 2765, 2766, 2767, 2784, 2785, 2786, 2787, 2788, 2789, 2790, 2791, 2792, 2793, 2794, 2795, 2796, 2797, 2798, 2799, 2816, 2817, 2818, 2819, 2820, 2821, 2822, 2823, 2824, 2825, 2826, 2827, 2828, 2829, 2830, 2831, 2848, 2849, 2850, 2851, 2852, 2853, 2854, 2855, 2856, 2857, 2858, 2859, 2860, 2861, 2862, 2863, 2880, 2881, 2882, 2883, 2884, 2885, 2886, 2887, 2888, 2889, 2890, 2891, 2892, 2893, 2894, 2895, 2912, 2913, 2914, 2915, 2916, 2917, 2918, 2919, 2920, 2921, 2922, 2923, 2924, 2925, 2926, 2927, 2944, 2945, 2946, 2947, 2948, 2949, 2950, 2951, 2952, 2953, 2954, 2976, 2977, 2978, 2979, 2980, 2981, 2982, 2983, 2984, 2985, 2986]
