# ext_worksite: non-empty tile indices (428/640)
# 32 columns × 20 rows

Row   0: [7, 8, 9, 10, 12, 13, 14, 15, 16, 17, 18, 19, 21, 22, 23, 24, 25, 26, 28, 29, 30, 31]
Row   1: [32, 33, 34, 36, 37, 38, 39, 40, 41, 42, 43, 44, 45, 46, 47, 48, 49, 50, 51, 53, 54, 55, 56, 57, 58, 60, 61, 62, 63]
Row   2: [64, 65, 66, 67, 68, 69, 70, 71, 72, 73, 74, 75, 76, 77, 78, 79, 80, 81, 82, 83, 85, 86, 87, 88, 89, 90, 92, 93, 94, 95]
Row   3: [96, 97, 98, 99, 100, 101, 102, 103, 104, 105, 106, 107, 108, 109, 110, 111, 112, 113, 114, 115, 117, 118, 119, 120, 121, 122, 123, 124, 125, 126, 127]
Row   4: [128, 129, 130, 131, 132, 133, 134, 135, 136, 137, 138, 139, 140, 141, 142, 143, 144, 145, 146, 147, 149, 150, 151, 152, 153, 154, 155, 156, 157, 158, 159]
Row   5: [171, 172, 173, 174, 175, 176, 177, 178, 179, 181, 182, 183, 184, 185, 186, 187, 188, 189, 190, 191]
Row   6: [192, 193, 194, 195, 196, 197, 198, 203, 204, 205, 206, 207, 208, 209, 210, 211, 213, 214, 215, 216, 217, 218, 219, 220, 222]
Row   7: [224, 225, 226, 227, 228, 229, 230, 231, 232, 233, 235, 236, 237, 238, 239, 240, 241, 242, 243, 245, 246, 247, 248, 249, 250, 251, 253, 254, 255]
Row   8: [256, 257, 258, 259, 260, 261, 262, 263, 264, 265, 270, 271, 272, 273, 274, 275, 277, 278, 279, 280, 281, 282, 285, 286, 287]
Row   9: [288, 289, 290, 291, 292, 293, 294, 302, 303, 304, 305, 306, 307, 309, 310, 311, 312, 313, 314, 317, 318, 319]
Row  10: [320, 322, 323, 324, 326, 334, 335, 336, 337, 338, 339, 341, 342, 343, 344, 345, 346, 349, 350, 351]
Row  11: [352, 353, 354, 355, 356, 357, 358, 360, 361, 366, 367, 368, 369, 370, 371, 373, 374, 375, 376, 377, 378, 381, 382, 383]
Row  12: [384, 385, 386, 387, 388, 389, 390, 392, 393, 405, 406, 407, 408, 409, 410, 413, 414]
Row  13: [416, 417, 418, 419, 420, 421, 422, 423, 424, 425, 437, 438, 439, 440, 441, 442, 443, 445, 446]
Row  14: [448, 449, 450, 451, 452, 453, 454, 455, 456, 457, 469, 470, 471, 472, 473, 474, 475]
Row  15: [480, 481, 482, 483, 484, 485, 486, 487, 488, 489, 501, 502, 503, 504, 505, 506, 507]
Row  16: [512, 513, 514, 515, 516, 517, 518, 519, 520, 521, 522, 523, 533, 534, 535, 536, 537, 538, 539]
Row  17: [544, 545, 546, 547, 548, 549, 550, 551, 552, 553, 554, 555, 565, 566, 567, 568, 569, 570, 571]
Row  18: [576, 577, 578, 579, 580, 581, 582, 583, 584, 585, 586, 587]

All indices: [7, 8, 9, 10, 12, 13, 14, 15, 16, 17, 18, 19, 21, 22, 23, 24, 25, 26, 28, 29, 30, 31, 32, 33, 34, 36, 37, 38, 39, 40, 41, 42, 43, 44, 45, 46, 47, 48, 49, 50, 51, 53, 54, 55, 56, 57, 58, 60, 61, 62, 63, 64, 65, 66, 67, 68, 69, 70, 71, 72, 73, 74, 75, 76, 77, 78, 79, 80, 81, 82, 83, 85, 86, 87, 88, 89, 90, 92, 93, 94, 95, 96, 97, 98, 99, 100, 101, 102, 103, 104, 105, 106, 107, 108, 109, 110, 111, 112, 113, 114, 115, 117, 118, 119, 120, 121, 122, 123, 124, 125, 126, 127, 128, 129, 130, 131, 132, 133, 134, 135, 136, 137, 138, 139, 140, 141, 142, 143, 144, 145, 146, 147, 149, 150, 151, 152, 153, 154, 155, 156, 157, 158, 159, 171, 172, 173, 174, 175, 176, 177, 178, 179, 181, 182, 183, 184, 185, 186, 187, 188, 189, 190, 191, 192, 193, 194, 195, 196, 197, 198, 203, 204, 205, 206, 207, 208, 209, 210, 211, 213, 214, 215, 216, 217, 218, 219, 220, 222, 224, 225, 226, 227, 228, 229, 230, 231, 232, 233, 235, 236, 237, 238, 239, 240, 241, 242, 243, 245, 246, 247, 248, 249, 250, 251, 253, 254, 255, 256, 257, 258, 259, 260, 261, 262, 263, 264, 265, 270, 271, 272, 273, 274, 275, 277, 278, 279, 280, 281, 282, 285, 286, 287, 288, 289, 290, 291, 292, 293, 294, 302, 303, 304, 305, 306, 307, 309, 310, 311, 312, 313, 314, 317, 318, 319, 320, 322, 323, 324, 326, 334, 335, 336, 337, 338, 339, 341, 342, 343, 344, 345, 346, 349, 350, 351, 352, 353, 354, 355, 356, 357, 358, 360, 361, 366, 367, 368, 369, 370, 371, 373, 374, 375, 376, 377, 378, 381, 382, 383, 384, 385, 386, 387, 388, 389, 390, 392, 393, 405, 406, 407, 408, 409, 410, 413, 414, 416, 417, 418, 419, 420, 421, 422, 423, 424, 425, 437, 438, 439, 440, 441, 442, 443, 445, 446, 448, 449, 450, 451, 452, 453, 454, 455, 456, 457, 469, 470, 471, 472, 473, 474, 475, 480, 481, 482, 483, 484, 485, 486, 487, 488, 489, 501, 502, 503, 504, 505, 506, 507, 512, 513, 514, 515, 516, 517, 518, 519, 520, 521, 522, 523, 533, 534, 535, 536, 537, 538, 539, 544, 545, 546, 547, 548, 549, 550, 551, 552, 553, 554, 555, 565, 566, 567, 568, 569, 570, 571, 576, 577, 578, 579, 580, 581, 582, 583, 584, 585, 586, 587]
