# ext_terrains: non-empty tile indices (1288/2368)
# 32 columns × 74 rows

Row   1: [33, 34, 35, 36, 37, 39, 40, 41, 42, 43, 45, 46, 47, 48, 49, 57, 58, 59, 60, 61, 62]
Row   2: [65, 66, 67, 68, 69, 71, 72, 73, 74, 75, 77, 78, 79, 80, 81, 89, 90, 91, 92, 93, 94]
Row   3: [97, 98, 99, 103, 104, 105, 109, 110, 111, 112, 113, 125, 126, 127]
Row   4: [144, 145]
Row   5: [185, 186, 187, 188, 189]
Row   6: [192, 193, 194, 195, 196, 197, 198, 200, 201, 202, 203, 204, 205, 206, 208, 209, 210, 211, 212, 213, 214, 217, 218, 219, 220, 221]
Row   7: [224, 225, 226, 227, 228, 229, 230, 232, 233, 234, 235, 236, 237, 238, 240, 241, 242, 243, 244, 245, 246, 249, 250, 251, 252, 253, 254]
Row   8: [256, 257, 258, 259, 260, 261, 262, 264, 265, 266, 267, 268, 269, 270, 272, 273, 274, 275, 276, 277, 278]
Row   9: [291, 292, 293, 294, 299, 300, 301, 302, 307, 308, 309, 310, 313, 314, 315, 316, 317, 318, 319]
Row  10: [345, 346, 347, 348, 349, 350, 351]
Row  11: [352, 353, 354, 355, 356, 357, 358, 360, 361, 362, 363, 364, 365, 366, 368, 369, 370, 371, 372, 373, 374, 382, 383]
Row  12: [384, 385, 386, 387, 388, 389, 390, 392, 393, 394, 395, 396, 397, 398, 400, 401, 402, 403, 404, 405, 406, 410, 411, 412, 414, 415]
Row  13: [416, 417, 418, 419, 421, 422, 424, 425, 426, 427, 428, 429, 430, 432, 433, 434, 435, 436, 437, 438, 441, 442, 443, 444, 445]
Row  14: [451, 452, 453, 454, 459, 460, 461, 462, 467, 468, 469, 470, 475]
Row  15: [506, 507, 508]
Row  16: [512, 513, 514, 515, 516, 517, 518, 520, 521, 522, 523, 524, 525, 526, 528, 529, 530, 531, 532, 533, 534]
Row  17: [544, 545, 546, 547, 548, 549, 550, 552, 554, 555, 556, 557, 558, 560, 562, 563, 564, 565, 566, 570, 572, 574, 575]
Row  18: [576, 577, 578, 579, 581, 582, 584, 585, 586, 589, 590, 592, 593, 594, 597, 598, 601, 602, 604, 605, 606, 607]
Row  19: [611, 612, 613, 614, 616, 618, 621, 622, 624, 626, 627, 628, 629, 630, 633, 634, 636, 637, 638, 639]
Row  20: [665, 666, 668, 669, 670, 671]
Row  21: [672, 673, 674, 675, 676, 677, 678, 680, 681, 682, 683, 684, 685, 686, 688, 689, 690, 691, 692, 693, 694]
Row  22: [704, 705, 706, 707, 708, 709, 710, 712, 713, 714, 715, 716, 717, 718, 720, 721, 722, 723, 724, 725, 726, 730, 732, 734, 735]
Row  23: [736, 737, 738, 739, 740, 741, 742, 744, 745, 746, 747, 748, 749, 750, 752, 754, 755, 756, 757, 758, 761, 762, 764, 765, 766, 767]
Row  24: [768, 769, 770, 771, 772, 773, 774, 776, 777, 778, 779, 780, 781, 782, 784, 785, 786, 787, 788, 789, 790, 793, 794, 796, 797, 798, 799]
Row  25: [800, 801, 802, 805, 806, 808, 809, 810, 813, 814, 816, 817, 818, 821, 822, 825, 826, 828, 829, 830, 831]
Row  26: [832, 833, 834, 837, 838, 840, 841, 842, 845, 846, 853, 854]
Row  27: [869, 870, 877, 878, 888, 889, 890, 891, 892, 893, 894, 895]
Row  28: [901, 902, 909, 910, 912, 913, 914, 915, 916, 917, 918, 920, 921, 922, 923, 924, 925, 926, 927]
Row  29: [944, 945, 946, 947, 948, 949, 950, 952, 953, 954, 956, 957, 958, 959]
Row  30: [960, 961, 962, 963, 964, 965, 966, 968, 969, 970, 971, 972, 973, 974, 976, 978, 979, 980, 981, 982, 984, 985, 986, 988, 989, 990, 991]
Row  31: [992, 993, 994, 995, 996, 997, 998, 1000, 1001, 1002, 1003, 1004, 1005, 1006, 1008, 1009, 1010, 1011, 1012, 1013, 1014, 1022, 1023]
Row  32: [1024, 1025, 1026, 1027, 1028, 1029, 1030, 1032, 1033, 1034, 1035, 1036, 1037, 1038, 1040, 1041, 1042, 1045, 1046, 1048, 1049, 1050, 1051, 1052, 1053, 1054, 1055]
Row  33: [1059, 1060, 1061, 1062, 1067, 1068, 1069, 1070, 1077, 1078, 1080, 1081, 1082, 1083, 1084, 1085, 1086, 1087]
Row  34: [1112, 1113, 1114, 1115, 1116, 1117, 1118, 1119]
Row  35: [1120, 1121, 1122, 1123, 1124, 1125, 1126, 1128, 1130, 1131, 1132, 1133, 1134, 1136, 1137, 1138, 1139, 1140, 1141, 1142, 1144, 1145, 1146, 1147, 1148, 1149, 1150, 1151]
Row  36: [1152, 1153, 1154, 1155, 1156, 1157, 1158, 1160, 1162, 1163, 1164, 1165, 1166, 1168, 1169, 1170, 1171, 1172, 1173, 1174, 1176, 1177, 1178, 1179, 1180, 1181, 1182, 1183]
Row  37: [1184, 1185, 1186, 1187, 1188, 1189, 1190, 1192, 1194, 1195, 1196, 1197, 1198, 1200, 1201, 1202, 1205, 1206, 1208, 1209, 1210, 1211, 1212, 1213]
Row  38: [1219, 1220, 1221, 1222, 1224, 1225, 1226, 1227, 1228, 1229, 1230, 1232, 1233, 1234, 1237, 1238, 1240, 1241, 1242, 1243, 1244]
Row  39: [1256, 1257, 1258, 1261, 1262, 1264, 1265, 1266, 1269, 1270, 1272, 1273, 1274, 1275, 1276]
Row  40: [1280, 1281, 1282, 1283, 1284, 1285, 1286, 1293, 1294, 1301, 1302, 1304, 1305, 1306, 1307, 1308, 1309, 1310, 1311]
Row  41: [1312, 1313, 1314, 1315, 1316, 1317, 1318, 1323, 1324, 1336, 1337, 1338, 1339, 1340, 1341, 1343]
Row  42: [1344, 1345, 1346, 1347, 1348, 1349, 1350, 1352, 1353, 1354, 1355, 1356, 1358, 1359, 1360, 1361, 1362, 1363, 1364, 1365, 1366, 1367, 1368, 1369, 1370, 1371, 1372, 1373, 1374, 1375]
Row  43: [1379, 1380, 1381, 1382, 1384, 1385, 1386, 1387, 1388, 1390, 1391, 1392, 1393, 1394, 1395, 1396, 1397, 1398, 1399, 1400, 1401, 1402, 1403, 1404, 1405, 1406, 1407]
Row  44: [1416, 1417, 1418, 1419, 1420, 1422, 1423, 1424, 1425, 1426, 1427, 1428, 1429, 1430, 1431, 1432, 1433, 1434, 1435, 1436, 1437, 1439]
Row  45: [1440, 1441, 1442, 1443, 1444, 1445, 1446, 1448, 1449, 1450, 1451, 1452, 1454, 1455, 1456, 1457, 1458, 1464, 1465, 1466, 1467, 1468, 1469, 1470, 1471]
Row  46: [1472, 1474, 1475, 1476, 1477, 1478, 1480, 1481, 1482, 1483, 1484, 1486, 1487, 1488, 1497, 1499, 1501, 1503]
Row  47: [1504, 1505, 1506, 1507, 1509, 1510, 1529, 1531, 1532, 1533, 1534, 1535]
Row  48: [1539, 1540, 1541, 1542, 1561, 1563, 1564, 1565, 1566, 1567]
Row  49: [1593, 1594, 1595, 1596, 1597, 1598]
Row  50: [1600, 1601, 1602, 1603, 1604, 1605, 1606, 1608, 1609, 1610, 1611, 1612, 1613, 1614, 1616, 1617, 1618, 1619, 1620, 1621, 1622, 1625, 1626, 1627, 1628, 1629, 1630]
Row  51: [1632, 1633, 1634, 1635, 1636, 1637, 1638, 1640, 1642, 1643, 1644, 1645, 1646, 1648, 1649, 1650, 1651, 1652, 1653, 1654, 1657, 1658, 1659, 1660, 1661, 1662]
Row  52: [1664, 1665, 1666, 1667, 1668, 1669, 1670, 1672, 1673, 1674, 1675, 1677, 1678, 1680, 1681, 1682, 1684, 1685, 1686, 1689, 1690, 1691, 1692, 1693, 1694]
Row  53: [1699, 1700, 1701, 1702, 1707, 1708, 1709, 1710, 1715, 1716, 1717, 1718, 1721, 1722, 1723, 1724, 1725, 1726]
Row  54: [1753, 1754, 1755, 1756, 1757]
Row  55: [1760, 1761, 1762, 1763, 1764, 1765, 1766, 1768, 1769, 1770, 1771, 1772, 1773, 1774, 1776, 1777, 1778, 1779, 1780, 1781, 1782, 1788, 1789]
Row  56: [1792, 1793, 1794, 1795, 1796, 1797, 1798, 1800, 1801, 1802, 1803, 1804, 1805, 1806, 1808, 1809, 1810, 1811, 1812, 1813, 1814, 1817, 1818, 1819]
Row  57: [1824, 1825, 1826, 1827, 1828, 1829, 1830, 1832, 1833, 1834, 1835, 1836, 1837, 1838, 1840, 1841, 1842, 1843, 1844, 1845, 1846]
Row  58: [1859, 1860, 1861, 1862, 1867, 1868, 1869, 1870, 1875, 1876, 1877, 1878, 1881, 1882, 1883]
Row  59: [1913, 1914, 1915]
Row  60: [1920, 1921, 1922, 1923, 1924, 1925, 1927, 1928, 1942, 1943, 1944, 1945, 1946, 1947, 1948, 1949, 1950, 1951]
Row  61: [1952, 1953, 1954, 1955, 1956, 1957, 1962, 1963, 1964, 1965, 1966, 1968, 1969, 1970, 1971, 1972, 1974, 1976, 1977, 1978, 1979, 1981, 1982, 1983]
Row  62: [1984, 1985, 1986, 1987, 1988, 1989, 1991, 1992, 1994, 1996, 1997, 1998, 2000, 2001, 2002, 2003, 2004, 2006, 2007, 2008, 2011, 2012, 2013]
Row  63: [2016, 2017, 2018, 2019, 2020, 2021, 2023, 2025, 2026, 2027, 2028, 2030, 2032, 2033, 2034, 2036, 2038, 2040, 2043, 2045]
Row  64: [2048, 2049, 2050, 2051, 2052, 2053, 2055, 2056, 2057]
Row  65: [2080, 2081, 2082, 2083, 2084, 2085, 2087, 2088, 2089, 2102, 2103, 2104, 2105, 2106, 2107, 2108, 2109, 2110, 2111]
Row  66: [2112, 2113, 2114, 2115, 2116, 2117, 2119, 2120, 2121, 2134, 2136, 2137, 2138, 2139, 2141, 2142, 2143]
Row  67: [2144, 2145, 2146, 2147, 2148, 2152, 2153, 2166, 2167, 2168, 2171, 2172, 2173]
Row  68: [2198, 2200, 2203, 2205]
Row  70: [2262, 2263, 2264, 2265, 2266, 2267, 2268, 2269, 2270, 2271]
Row  71: [2294, 2296, 2297, 2298, 2299, 2301, 2302, 2303]
Row  72: [2326, 2327, 2328, 2331, 2332, 2333]
Row  73: [2358, 2360, 2363, 2365]

All indices: [33, 34, 35, 36, 37, 39, 40, 41, 42, 43, 45, 46, 47, 48, 49, 57, 58, 59, 60, 61, 62, 65, 66, 67, 68, 69, 71, 72, 73, 74, 75, 77, 78, 79, 80, 81, 89, 90, 91, 92, 93, 94, 97, 98, 99, 103, 104, 105, 109, 110, 111, 112, 113, 125, 126, 127, 144, 145, 185, 186, 187, 188, 189, 192, 193, 194, 195, 196, 197, 198, 200, 201, 202, 203, 204, 205, 206, 208, 209, 210, 211, 212, 213, 214, 217, 218, 219, 220, 221, 224, 225, 226, 227, 228, 229, 230, 232, 233, 234, 235, 236, 237, 238, 240, 241, 242, 243, 244, 245, 246, 249, 250, 251, 252, 253, 254, 256, 257, 258, 259, 260, 261, 262, 264, 265, 266, 267, 268, 269, 270, 272, 273, 274, 275, 276, 277, 278, 291, 292, 293, 294, 299, 300, 301, 302, 307, 308, 309, 310, 313, 314, 315, 316, 317, 318, 319, 345, 346, 347, 348, 349, 350, 351, 352, 353, 354, 355, 356, 357, 358, 360, 361, 362, 363, 364, 365, 366, 368, 369, 370, 371, 372, 373, 374, 382, 383, 384, 385, 386, 387, 388, 389, 390, 392, 393, 394, 395, 396, 397, 398, 400, 401, 402, 403, 404, 405, 406, 410, 411, 412, 414, 415, 416, 417, 418, 419, 421, 422, 424, 425, 426, 427, 428, 429, 430, 432, 433, 434, 435, 436, 437, 438, 441, 442, 443, 444, 445, 451, 452, 453, 454, 459, 460, 461, 462, 467, 468, 469, 470, 475, 506, 507, 508, 512, 513, 514, 515, 516, 517, 518, 520, 521, 522, 523, 524, 525, 526, 528, 529, 530, 531, 532, 533, 534, 544, 545, 546, 547, 548, 549, 550, 552, 554, 555, 556, 557, 558, 560, 562, 563, 564, 565, 566, 570, 572, 574, 575, 576, 577, 578, 579, 581, 582, 584, 585, 586, 589, 590, 592, 593, 594, 597, 598, 601, 602, 604, 605, 606, 607, 611, 612, 613, 614, 616, 618, 621, 622, 624, 626, 627, 628, 629, 630, 633, 634, 636, 637, 638, 639, 665, 666, 668, 669, 670, 671, 672, 673, 674, 675, 676, 677, 678, 680, 681, 682, 683, 684, 685, 686, 688, 689, 690, 691, 692, 693, 694, 704, 705, 706, 707, 708, 709, 710, 712, 713, 714, 715, 716, 717, 718, 720, 721, 722, 723, 724, 725, 726, 730, 732, 734, 735, 736, 737, 738, 739, 740, 741, 742, 744, 745, 746, 747, 748, 749, 750, 752, 754, 755, 756, 757, 758, 761, 762, 764, 765, 766, 767, 768, 769, 770, 771, 772, 773, 774, 776, 777, 778, 779, 780, 781, 782, 784, 785, 786, 787, 788, 789, 790, 793, 794, 796, 797, 798, 799, 800, 801, 802, 805, 806, 808, 809, 810, 813, 814, 816, 817, 818, 821, 822, 825, 826, 828, 829, 830, 831, 832, 833, 834, 837, 838, 840, 841, 842, 845, 846, 853, 854, 869, 870, 877, 878, 888, 889, 890, 891, 892, 893, 894, 895, 901, 902, 909, 910, 912, 913, 914, 915, 916, 917, 918, 920, 921, 922, 923, 924, 925, 926, 927, 944, 945, 946, 947, 948, 949, 950, 952, 953, 954, 956, 957, 958, 959, 960, 961, 962, 963, 964, 965, 966, 968, 969, 970, 971, 972, 973, 974, 976, 978, 979, 980, 981, 982, 984, 985, 986, 988, 989, 990, 991, 992, 993, 994, 995, 996, 997, 998, 1000, 1001, 1002, 1003, 1004, 1005, 1006, 1008, 1009, 1010, 1011, 1012, 1013, 1014, 1022, 1023, 1024, 1025, 1026, 1027, 1028, 1029, 1030, 1032, 1033, 1034, 1035, 1036, 1037, 1038, 1040, 1041, 1042, 1045, 1046, 1048, 1049, 1050, 1051, 1052, 1053, 1054, 1055, 1059, 1060, 1061, 1062, 1067, 1068, 1069, 1070, 1077, 1078, 1080, 1081, 1082, 1083, 1084, 1085, 1086, 1087, 1112, 1113, 1114, 1115, 1116, 1117, 1118, 1119, 1120, 1121, 1122, 1123, 1124, 1125, 1126, 1128, 1130, 1131, 1132, 1133, 1134, 1136, 1137, 1138, 1139, 1140, 1141, 1142, 1144, 1145, 1146, 1147, 1148, 1149, 1150, 1151, 1152, 1153, 1154, 1155, 1156, 1157, 1158, 1160, 1162, 1163, 1164, 1165, 1166, 1168, 1169, 1170, 1171, 1172, 1173, 1174, 1176, 1177, 1178, 1179, 1180, 1181, 1182, 1183, 1184, 1185, 1186, 1187, 1188, 1189, 1190, 1192, 1194, 1195, 1196, 1197, 1198, 1200, 1201, 1202, 1205, 1206, 1208, 1209, 1210, 1211, 1212, 1213, 1219, 1220, 1221, 1222, 1224, 1225, 1226, 1227, 1228, 1229, 1230, 1232, 1233, 1234, 1237, 1238, 1240, 1241, 1242, 1243, 1244, 1256, 1257, 1258, 1261, 1262, 1264, 1265, 1266, 1269, 1270, 1272, 1273, 1274, 1275, 1276, 1280, 1281, 1282, 1283, 1284, 1285, 1286, 1293, 1294, 1301, 1302, 1304, 1305, 1306, 1307, 1308, 1309, 1310, 1311, 1312, 1313, 1314, 1315, 1316, 1317, 1318, 1323, 1324, 1336, 1337, 1338, 1339, 1340, 1341, 1343, 1344, 1345, 1346, 1347, 1348, 1349, 1350, 1352, 1353, 1354, 1355, 1356, 1358, 1359, 1360, 1361, 1362, 1363, 1364, 1365, 1366, 1367, 1368, 1369, 1370, 1371, 1372, 1373, 1374, 1375, 1379, 1380, 1381, 1382, 1384, 1385, 1386, 1387, 1388, 1390, 1391, 1392, 1393, 1394, 1395, 1396, 1397, 1398, 1399, 1400, 1401, 1402, 1403, 1404, 1405, 1406, 1407, 1416, 1417, 1418, 1419, 1420, 1422, 1423, 1424, 1425, 1426, 1427, 1428, 1429, 1430, 1431, 1432, 1433, 1434, 1435, 1436, 1437, 1439, 1440, 1441, 1442, 1443, 1444, 1445, 1446, 1448, 1449, 1450, 1451, 1452, 1454, 1455, 1456, 1457, 1458, 1464, 1465, 1466, 1467, 1468, 1469, 1470, 1471, 1472, 1474, 1475, 1476, 1477, 1478, 1480, 1481, 1482, 1483, 1484, 1486, 1487, 1488, 1497, 1499, 1501, 1503, 1504, 1505, 1506, 1507, 1509, 1510, 1529, 1531, 1532, 1533, 1534, 1535, 1539, 1540, 1541, 1542, 1561, 1563, 1564, 1565, 1566, 1567, 1593, 1594, 1595, 1596, 1597, 1598, 1600, 1601, 1602, 1603, 1604, 1605, 1606, 1608, 1609, 1610, 1611, 1612, 1613, 1614, 1616, 1617, 1618, 1619, 1620, 1621, 1622, 1625, 1626, 1627, 1628, 1629, 1630, 1632, 1633, 1634, 1635, 1636, 1637, 1638, 1640, 1642, 1643, 1644, 1645, 1646, 1648, 1649, 1650, 1651, 1652, 1653, 1654, 1657, 1658, 1659, 1660, 1661, 1662, 1664, 1665, 1666, 1667, 1668, 1669, 1670, 1672, 1673, 1674, 1675, 1677, 1678, 1680, 1681, 1682, 1684, 1685, 1686, 1689, 1690, 1691, 1692, 1693, 1694, 1699, 1700, 1701, 1702, 1707, 1708, 1709, 1710, 1715, 1716, 1717, 1718, 1721, 1722, 1723, 1724, 1725, 1726, 1753, 1754, 1755, 1756, 1757, 1760, 1761, 1762, 1763, 1764, 1765, 1766, 1768, 1769, 1770, 1771, 1772, 1773, 1774, 1776, 1777, 1778, 1779, 1780, 1781, 1782, 1788, 1789, 1792, 1793, 1794, 1795, 1796, 1797, 1798, 1800, 1801, 1802, 1803, 1804, 1805, 1806, 1808, 1809, 1810, 1811, 1812, 1813, 1814, 1817, 1818, 1819, 1824, 1825, 1826, 1827, 1828, 1829, 1830, 1832, 1833, 1834, 1835, 1836, 1837, 1838, 1840, 1841, 1842, 1843, 1844, 1845, 1846, 1859, 1860, 1861, 1862, 1867, 1868, 1869, 1870, 1875, 1876, 1877, 1878, 1881, 1882, 1883, 1913, 1914, 1915, 1920, 1921, 1922, 1923, 1924, 1925, 1927, 1928, 1942, 1943, 1944, 1945, 1946, 1947, 1948, 1949, 1950, 1951, 1952, 1953, 1954, 1955, 1956, 1957, 1962, 1963, 1964, 1965, 1966, 1968, 1969, 1970, 1971, 1972, 1974, 1976, 1977, 1978, 1979, 1981, 1982, 1983, 1984, 1985, 1986, 1987, 1988, 1989, 1991, 1992, 1994, 1996, 1997, 1998, 2000, 2001, 2002, 2003, 2004, 2006, 2007, 2008, 2011, 2012, 2013, 2016, 2017, 2018, 2019, 2020, 2021, 2023, 2025, 2026, 2027, 2028, 2030, 2032, 2033, 2034, 2036, 2038, 2040, 2043, 2045, 2048, 2049, 2050, 2051, 2052, 2053, 2055, 2056, 2057, 2080, 2081, 2082, 2083, 2084, 2085, 2087, 2088, 2089, 2102, 2103, 2104, 2105, 2106, 2107, 2108, 2109, 2110, 2111, 2112, 2113, 2114, 2115, 2116, 2117, 2119, 2120, 2121, 2134, 2136, 2137, 2138, 2139, 2141, 2142, 2143, 2144, 2145, 2146, 2147, 2148, 2152, 2153, 2166, 2167, 2168, 2171, 2172, 2173, 2198, 2200, 2203, 2205, 2262, 2263, 2264, 2265, 2266, 2267, 2268, 2269, 2270, 2271, 2294, 2296, 2297, 2298, 2299, 2301, 2302, 2303, 2326, 2327, 2328, 2331, 2332, 2333, 2358, 2360, 2363, 2365]
