# modern_office refined barriers
# Vertical-run detection: only bottom tiles of multi-cell objects
# Original: 655 barriers → Refined: 117 barriers
# Excluded: 538 top tiles of multi-cell objects

Barrier indices (117):
[33, 34, 35, 38, 39, 40, 43, 44, 45, 63, 90, 91, 92, 97, 98, 99, 103, 104, 110, 111, 140, 141, 155, 173, 211, 212, 213, 221, 223, 240, 241, 242, 249, 261, 262, 282, 284, 290, 321, 340, 374, 375, 382, 383, 395, 396, 397, 401, 402, 404, 405, 448, 449, 450, 451, 452, 453, 454, 497, 498, 499, 500, 501, 502, 503, 504, 505, 525, 538, 539, 540, 560, 564, 574, 575, 578, 582, 588, 608, 612, 626, 629, 630, 631, 638, 648, 650, 652, 656, 670, 673, 680, 681, 682, 683, 702, 703, 707, 711, 721, 725, 755, 759, 769, 772, 773, 774, 803, 808, 809, 810, 811, 812, 813, 816, 817, 818]

Excluded indices (538):
[0, 1, 2, 3, 4, 5, 6, 7, 8, 9, 10, 11, 12, 13, 14, 15, 16, 17, 18, 19, 20, 21, 22, 23, 24, 25, 26, 27, 28, 29, 30, 31, 32, 36, 37, 41, 42, 46, 47, 48, 52, 53, 57, 58, 62, 64, 65, 66, 67, 68, 69, 70, 71, 72, 73, 74, 75, 76, 77, 78, 80, 81, 82, 83, 84, 85, 86, 87, 88, 89, 93, 94, 96, 100, 101, 102, 105, 109, 112, 116, 117, 118, 121, 122, 123, 125, 128, 129, 130, 131, 132, 133, 134, 135, 136, 137, 138, 139, 142, 143, 144, 145, 146, 147, 148, 149, 150, 151, 152, 153, 154, 158, 159, 160, 161, 162, 163, 164, 165, 166, 167, 168, 169, 170, 172, 174, 175, 176, 177, 178, 179, 180, 181, 182, 183, 184, 185, 186, 187, 188, 190, 191, 192, 193, 194, 195, 196, 197, 198, 199, 200, 201, 202, 203, 204, 205, 206, 207, 208, 209, 210, 214, 215, 216, 217, 218, 219, 220, 222, 224, 225, 226, 230, 231, 232, 233, 234, 235, 236, 238, 243, 244, 245, 246, 247, 248, 250, 251, 252, 253, 254, 255, 259, 260, 263, 264, 266, 267, 268, 269, 270, 271, 272, 273, 274, 275, 276, 279, 280, 283, 285, 286, 287, 288, 289, 291, 292, 293, 294, 295, 296, 297, 299, 301, 302, 303, 304, 305, 307, 308, 309, 310, 311, 312, 313, 315, 316, 317, 318, 319, 320, 322, 323, 324, 325, 326, 327, 328, 329, 331, 332, 333, 334, 335, 336, 338, 339, 341, 342, 343, 344, 345, 347, 348, 349, 350, 351, 352, 354, 355, 357, 358, 359, 360, 361, 362, 363, 364, 365, 366, 367, 368, 369, 370, 371, 373, 376, 377, 378, 379, 380, 381, 384, 385, 386, 387, 388, 389, 392, 393, 394, 400, 403, 408, 409, 410, 416, 419, 422, 423, 424, 425, 426, 427, 428, 429, 430, 431, 432, 433, 434, 435, 436, 437, 438, 439, 440, 441, 442, 443, 444, 445, 446, 447, 455, 456, 457, 458, 459, 460, 461, 462, 463, 471, 472, 473, 474, 475, 476, 477, 478, 479, 481, 482, 483, 484, 485, 486, 487, 488, 489, 490, 491, 492, 493, 494, 495, 506, 507, 508, 509, 510, 511, 522, 523, 524, 526, 527, 542, 543, 544, 545, 547, 548, 549, 551, 552, 553, 557, 558, 559, 561, 562, 563, 565, 566, 567, 568, 569, 570, 571, 572, 573, 577, 579, 581, 583, 584, 585, 586, 587, 589, 592, 593, 595, 596, 597, 599, 600, 601, 602, 603, 605, 609, 610, 611, 613, 614, 615, 616, 617, 618, 619, 620, 621, 623, 625, 627, 632, 633, 634, 635, 636, 637, 639, 640, 641, 643, 649, 651, 653, 655, 657, 658, 659, 665, 667, 669, 671, 674, 675, 684, 685, 687, 688, 690, 691, 692, 694, 695, 700, 701, 704, 705, 706, 708, 709, 710, 712, 713, 714, 715, 716, 717, 720, 722, 724, 726, 728, 729, 730, 731, 732, 733, 736, 738, 739, 740, 742, 743, 744, 745, 746, 747, 748, 749, 752, 753, 754, 756, 757, 758, 760, 761, 762, 763, 764, 765, 768, 770, 776, 777, 778, 779, 780, 781, 784, 786, 787, 792, 793, 794, 795, 796, 797, 800, 801, 802]
